# frame_index tx ty tz qx qy qz qw
0 0.0 0.0 0.0 0.0 0.0 0.0 1.0
4 -0.047523458380800444 0.005170535878292329 0.09000236046712842 -0.004018798202956909 0.002510939047648294 0.0034873227155326893 0.9999826913633958
8 -0.0408403627279666 0.0012095153831172786 0.1269079441040082 -0.004512484376444797 0.0029230262428189316 0.0034888159233548515 0.9999794605719605
12 -0.03985743778998169 0.007721520286731153 0.13500596224460817 -0.003608960621920481 0.0030363095889552553 0.002403010669072258 0.9999859907853877
16 -0.04253561465929559 0.004703922662569217 0.12710828823885617 -0.0034272118890733808 0.0034769156845100143 0.0024934435309920374 0.999984973894782
20 -0.028411789764345944 -0.007226746089746312 0.10603718918649982 -0.003258875505530004 0.0038232613281974377 0.0018236889705722473 0.999985718178912
24 -0.012341771365467429 -0.021658489623475483 0.048498269050546945 -0.002805933699042229 0.0034998178782933197 0.0014409747289733012 0.9999889007397662
28 0.0014713548726373782 -0.027254410412009798 0.014267306060434831 -0.002639531346125171 0.003118527223335908 0.0015460785250911028 0.9999904586061932
32 -0.014350053953017366 -0.041168828726638976 -0.02702656335093194 -0.0028854723969323976 0.004322654713081375 0.0015755098199251472 0.9999852531283075
36 -0.10021681462970121 -0.1543268400551604 -0.7016983657023445 0.002410173237932368 0.007596382715219947 -0.002891080644062372 0.9999640631979314
40 -0.06170413379825237 -0.2148595254963644 -0.9652262493953142 0.003601694203066619 0.005035015638367284 -0.0014292280738945748 0.9999798166580673
44 -0.06787298505396376 -0.2742892367336986 -1.343696591991721 0.008176598072576776 0.004723040473071155 -0.0030260958032221562 0.9999508382299798
48 -0.11741616102363328 -0.30966980860426185 -1.9361179788221548 0.015266635618516614 0.005494551163113604 -0.006178943987461496 0.9998492688378621
52 -0.07219944128322708 -0.31028798367277405 -2.081039939949453 0.017047245460449348 0.003238022193948766 -0.004244670129639015 0.9998404319740092
56 -0.16375142135728168 -0.3688363877576717 -2.5982695010937915 0.0216833217920306 0.004588394770158359 -0.005941420939568798 0.9997367051912794
60 -0.42397737260252777 -0.5530542413861791 -3.5219478208506607 0.02599621069839281 0.010077837427874086 -0.005584598927483982 0.9995956414855565
64 -0.43335359359190556 -0.5076706588260337 -3.9662645047998235 0.03263783142722427 0.008111415498700453 -0.004357282749623303 0.9994248300824706
68 -0.4568585417802526 -0.5145415499983245 -4.1004305253311 0.03369393090558268 0.008920689968621463 -0.004647763947528733 0.9993815780776137
72 -0.4715049620107281 -0.5210227857985644 -4.100618972005822 0.033762184300341495 0.00962697808638805 -0.0049607702249566425 0.9993712157966974
76 -0.44413674371315653 -0.5246399841430286 -4.132134229843327 0.034432325235287845 0.009106735687395258 -0.005500889712040859 0.9993504002883008
80 -0.4730344946047563 -0.5264969139297756 -4.651523198989264 0.04022059726050781 0.01070120984134637 -0.009304758431360789 0.9990901906907472
84 -0.4797074895060646 -0.5199554849960197 -5.23180528711464 0.04729994219514579 0.009386976275858822 -0.010696965940681591 0.9987793425298684
88 -0.5086493542245596 -0.5543580775668574 -5.569774621195775 0.0492008277752229 0.011859266937784047 -0.01635919939368024 0.998584504651023
92 -0.5774241661465064 -0.5706480923380174 -5.918720326555296 0.04960990405169238 0.021556960104904304 -0.026572352909005056 0.9981823806058172
96 -0.6508650310885757 -0.5840488635376408 -6.571131924734599 0.055004572077501535 0.025968838103680558 -0.0326961399357335 0.9976126898408112
100 -0.7306232963942921 -0.6246979128612739 -7.089307401781733 0.05784897771592082 0.02825025069925479 -0.03505941971201192 0.9973095087294159
104 -0.7444696860956012 -0.6001699676044501 -7.128457980578194 0.05744306157404238 0.028367414326291182 -0.03744576940977455 0.9972428986133476
108 -0.7422240975444124 -0.5412214942376474 -7.1290396949030495 0.05863651629738272 0.028383398998246333 -0.039569223191497305 0.9970909778921051
112 -0.7655155274513896 -0.5735669979108196 -7.1461586771554 0.057872118553918356 0.029130111321848555 -0.03963437346298859 0.9971115137980577
116 -0.7622774775057487 -0.5859215867983384 -7.189306065211549 0.05848294426853301 0.02944300111985998 -0.04130772147714594 0.9969987598092116
120 -0.8243364014332375 -0.5655123877043995 -7.417251531402683 0.05973678371576545 0.03216094882931018 -0.04347066012663081 0.9967484596174951
124 -0.8421068586157175 -0.6136153746144638 -7.944347834091155 0.061908303402232384 0.03208647370381273 -0.044537946507356985 0.9965712174732018
128 -0.8547997866569106 -0.616656350636357 -8.041977195585577 0.062438911984844685 0.03250544150890379 -0.04634429155946005 0.9964421634908429
132 -0.874787821266686 -0.6440053594591096 -8.254292299447624 0.0627012283669071 0.03568183438932865 -0.05270305827975117 0.9960008786662061
136 -0.8629251772094092 -0.6474654794293573 -8.65326768019739 0.0648912094005191 0.038073115039401854 -0.05268044498771276 0.9957732370221801
140 -0.8713815485189567 -0.5283189313244722 -9.291031112977718 0.07057561200403277 0.03926359917171007 -0.05422223573141469 0.9952574550952262
144 -0.9100286562852247 -0.6167981156830832 -9.90554975578588 0.0712392441392226 0.038555854735160086 -0.06514190588917215 0.9945828011066951
148 -0.8855943205356194 -0.5879225277818474 -10.374601508354958 0.07203952241408174 0.03900288212479342 -0.0689189763751985 0.9942531152034201
152 -0.9621321726190579 -0.6696472315187431 -10.69343537420011 0.06973494217890715 0.04188027022027099 -0.07518825861941504 0.9938459672259891
156 -1.1319896635020141 -0.6823337498834631 -11.175059269317217 0.07029459528795089 0.046965007800273025 -0.08188395357235083 0.9930498356391709
160 -1.1596688425759112 -0.7393378721984043 -11.835122128366901 0.06954831101060542 0.045960870795005423 -0.08276504511836157 0.9930763203792005
164 -1.2390099377024586 -0.609855840471691 -12.560755610664412 0.07216869746020584 0.047308197640180946 -0.08428603207805355 0.9926980801530101
168 -1.271760705903157 -0.39007415459585815 -12.895486423804403 0.07451283576997146 0.04576622734115031 -0.08434445872376597 0.992592213360084
172 -1.3374662356397196 -0.21795195077774535 -13.402262761852642 0.07658347539518019 0.04701293864378128 -0.08458900367105467 0.9923555085524594
176 -1.4441311730924642 -0.013055919226475057 -13.888440113562611 0.0785288961176939 0.04775994651850808 -0.0817936169936415 0.9924021383502674
180 -1.5350124776773104 0.5056067030264578 -14.570461176942905 0.08625920640403523 0.048501037897881655 -0.07753792998327312 0.9920659595245083
184 -1.5906997770090454 0.7404573444696126 -15.15992193380716 0.08479194033416476 0.04410863907544269 -0.07597768146195519 0.992518083831698
188 -1.6355254153167518 0.7978243299592275 -15.287412217593234 0.08505302261616009 0.043746688020288915 -0.07567019517713022 0.9925352548866794
192 -1.561504769541529 0.70089672129048 -15.380466076884312 0.1042077959497544 0.04369474912686554 -0.07729751976610667 0.9905839679704306
196 -1.5629121155311108 0.798669128181014 -15.797039527325971 0.13095923922954314 0.04665739815424765 -0.08555490176032027 0.9865866022010826
200 -1.6144001416485239 0.8030402651020552 -15.978177518160454 0.13122783887738027 0.04771309988383271 -0.08952469239707143 0.9861480841406414
204 -1.6071561181058005 0.7677571195925281 -16.05996790360726 0.1365589157296358 0.04796522510956277 -0.08746985591963885 0.9855962784123796
208 -1.975067578359871 0.3968273026847622 -15.65893573320273 0.1503364632745993 0.04622680672423147 -0.0780068910155979 0.9844678537688502
212 -2.9987930195528074 0.11192220299970107 -16.449320534607015 0.18930212089629325 0.05323333130542702 -0.05991028946043409 0.978642772761879
216 -2.9859059604721367 -0.05595821235392887 -17.118255639944564 0.1915351954192593 0.045268068519967175 -0.06547219914822566 0.978252759784951
220 -3.2313467067599615 0.1047021715850594 -17.462283521894072 0.1887284166811418 0.05244254068748556 -0.07107177827275758 0.978049163895363
224 -3.5524223388354383 0.344822181137849 -17.95964577406947 0.18091065618662588 0.06301877373305892 -0.08595205908166009 0.9777076312348845
228 -3.458216468224944 0.6007457064264418 -18.693295589449697 0.16907521730593583 0.07176527689878266 -0.09981175055452612 0.9779064016437528
232 -3.5979638441727086 1.3023154038671607 -19.55428332982322 0.1683516261172412 0.08154929066400224 -0.11846506524026722 0.9751786869561383
236 -3.6502006670612506 1.3635163129023051 -19.74469243256531 0.16605966808107567 0.08404858386778462 -0.12387240622032986 0.9746874622994843
240 -3.638539227785339 1.3561114245671484 -19.78379968466083 0.16496605465443862 0.08415701594345427 -0.1260943378463446 0.9745788913383738
244 -3.5219621710576066 1.3408013416011832 -19.800625850783 0.1626618576322672 0.08977944606247497 -0.1371614245106704 0.9729684037842846
248 -3.2009971753860684 1.5634627915355617 -19.969612280610892 0.16280894624649753 0.09584957327141486 -0.1518016402161713 0.9701867698301564
252 -2.876844312062138 1.819404529565422 -20.371504927991097 0.15915933600496246 0.10529905941972555 -0.1673879383675247 0.967244380669565
256 -2.868093673624713 1.976652894700436 -20.658647026846356 0.15883709807048338 0.10827319631530653 -0.17200794384196988 0.9661578331160353
260 -2.442513110675141 2.083551253723582 -20.808161691929083 0.15468116595205972 0.11950173515287148 -0.18857556141700813 0.9624096476196737
264 -1.999829330838021 2.3668852826463587 -20.923993874182703 0.1549051657360455 0.127548316257545 -0.20208001771588358 0.9585924489000014
268 -1.5790578000581648 2.3932873258528256 -21.14646363981256 0.1519849471387683 0.1324750478914616 -0.21619666813461966 0.9553062012867235
272 -1.3253599698552925 2.3718463647686447 -21.317036787652608 0.14827596222904696 0.13708223102382908 -0.22363259819952883 0.9535256483100536
276 -1.2458066551337297 2.374072934629572 -21.414068419181323 0.1464908552606218 0.13844427047739355 -0.2274180098910045 0.9527091172410437
280 -1.165660051777287 2.433503598059856 -21.59227143509589 0.14435105236862547 0.13816256546131214 -0.22865885504642447 0.9527796215253962
284 -0.9953858955129462 2.636050638809539 -21.979343617840016 0.14320044684430552 0.13737003475471948 -0.22863814221553705 0.95307277030629
288 -0.8952129038283859 2.8507697581407214 -22.555530694820312 0.13944533132054748 0.1352333648659075 -0.22823450856572708 0.9540314175642793
292 -0.8788430105626808 2.9379281387203555 -22.802288188255236 0.13673305847886744 0.13531908573410273 -0.22645248687025693 0.954836157120884
296 -0.8003931191047379 2.991048573933765 -22.739759926328293 0.1369814115599326 0.1326277888535498 -0.22126413868672068 0.9563932995593863
300 -0.7827158653241383 2.972221848142299 -22.56813305830073 0.1399728125400081 0.13169871613531056 -0.2204959566400546 0.9562659635390867
304 -2.6596798781232738 1.2432678651239295 -21.66452034612214 0.15604721964827328 0.12903363025975395 -0.22921939021822524 0.9520809097182957
308 -3.4532287915230393 1.1483964171926075 -21.629777097737534 0.15805310438803727 0.13048312119528466 -0.24047769223820317 0.9487696510809296
312 -3.318810795069691 1.2864839445701675 -21.76262490638081 0.15904159716683683 0.13664754602272794 -0.2478153666273032 0.9458439419904128
316 -3.0966153201938575 1.2740769414386088 -21.985631943992583 0.15733203299412238 0.13862651129308096 -0.2554807711616594 0.9438002422797367
320 -2.442044260180577 0.9480003994340718 -22.344445141740497 0.15213406124755788 0.1490731099352868 -0.27384782421123727 0.9378911474565251
324 -2.0755146963080744 0.878788297818203 -22.66344042754923 0.15073187503662833 0.15628975585267552 -0.28632049059975767 0.9332062959100562
328 -2.1021247638551017 0.9149959647910717 -22.717377211526202 0.1502050839314766 0.15715112423390976 -0.28860549195091517 0.9324423987190451
332 -2.1527278897201025 0.9769230083710052 -22.745672522127027 0.15016031198404503 0.15516826258421132 -0.2904611194142605 0.9322054650666163
336 -2.15418165987069 1.0222689740145234 -22.779809664495577 0.15057151902774174 0.15344188354363672 -0.2902157700155776 0.9325012669516995
340 -2.2741926343907313 1.2214303821920978 -22.911971815601966 0.14962628976931508 0.14674876832263675 -0.28938602244656253 0.9339874209100547
344 -2.344107063389475 1.43784568980392 -23.029021797818853 0.1506233520722316 0.14437763981604404 -0.2898250393142398 0.9340605705831783
348 -2.3337271946573566 1.4871061079623922 -23.137844509394363 0.15086337397818 0.14776987644148099 -0.29138319835277243 0.9330059687515928
352 -2.299653869064288 1.6599325370566291 -23.842135531347182 0.1479465132120571 0.15414305447019777 -0.2993657617337614 0.9299096131821399
356 -2.293437862794292 2.1275372515927913 -24.81875614819996 0.15127301831279738 0.1532787116732009 -0.3040529667714117 0.9279945602619891
360 -2.758766526948606 2.5285611991699906 -26.731790233618028 0.14299400230383216 0.15386603003841035 -0.3083445117823514 0.9277939545820796
364 -2.802981113500998 3.4374306870451847 -28.93409299109329 0.14665944268425907 0.14065382057839673 -0.30794108642182366 0.9294513424174444
368 -3.537614510038631 3.47523726870569 -30.397649160127013 0.1692807095441652 0.13209449122008043 -0.3042830422678999 0.9280662244439907
372 -3.6026352168319553 3.1919060227694596 -31.38451670151479 0.16789840723731228 0.12462885832985417 -0.3126683471636619 0.926561534492186
376 -3.707623105824975 3.4016182833017776 -33.46118703354453 0.16140093967205704 0.12046202663225111 -0.31849503202602564 0.9262826519952583
380 -3.4452279680758 3.8661859544273245 -34.86380381476261 0.1620686400566395 0.10397953875405112 -0.3102686811357542 0.9309432619322007
384 -3.2470307154480045 3.76358055606835 -35.57622968883098 0.15917298813537625 0.09267302903276854 -0.3030923359408682 0.9349923558146638
388 -3.2738105057124813 3.7339797581042697 -35.79013447590266 0.15786989612546837 0.08875362571256956 -0.2991892040581371 0.9368488191780279
392 -3.2365249916456515 3.7237550740945378 -35.9668216417758 0.15680202862946496 0.08665500457181362 -0.29769579780498284 0.9376999765221273
396 -2.937301654913222 3.610123010122655 -37.21282948705391 0.15043890550278854 0.07408476778168778 -0.28940335112098436 0.942403991531127
400 -2.7909450493062953 3.0480205871529904 -39.9917026956257 0.13064914561488838 0.056327541722302324 -0.29020364997802955 0.9463296731758184
404 -2.6048504856315446 2.029447742720231 -43.29308196103376 0.10770048024369236 0.036080088294098416 -0.2841890813184468 0.9520164913715231
408 -2.2495425210180486 0.9574937502499432 -45.54880581885182 0.0761430568844077 0.025191840515241492 -0.2799813094029873 0.9566493989151622
412 -2.906640722820269 -1.1905425650438413 -49.30429775711585 -0.00460746096360596 0.024687881635477457 -0.2886608718291512 0.9571019699481638
416 -3.4823120263376826 -2.6967358224351425 -49.62115740143042 -0.02687552642638875 0.04088722277250081 -0.3141868643008269 0.9480994438317482
420 -3.166737631887486 -2.4235510958109714 -49.59144991012867 -0.012769505627046545 0.044508012021568975 -0.328602062760258 0.9433327413705263
424 -2.263979347728376 0.6554456467228501 -48.50558070938377 0.060512438056620266 0.0488617900461726 -0.32856453868613356 0.9412736659611252
428 -2.5246781227171873 1.1566899880570445 -48.54308179035134 0.06818517152986403 0.07355413518115377 -0.34965252673905756 0.9314954010225645
432 -2.9676672386901846 0.7983237048096115 -48.71065605439627 0.06554573965374533 0.09333436780327406 -0.36647856116390987 0.9234099393049855
436 -2.8848591098204404 0.5797325040737774 -50.21921549872965 0.0609564611577518 0.09248628860169769 -0.38028621998583984 0.9182118421980238
440 -2.872812774073789 0.544714403468185 -50.603172519898436 0.061754937481057835 0.09752355291915862 -0.3833170764704263 0.9163751978359628
444 -2.8821502264640526 0.44047526837539486 -51.5906301620871 0.060571643738264375 0.10392540950304271 -0.3912596257883432 0.9123850560275717
448 -2.7236793766228855 0.5831921410076715 -52.06298322363734 0.0639673004130213 0.10976958091441338 -0.40117702363929497 0.9071470769878834
452 -2.5042152676253755 0.6166323836344298 -54.284717970624285 0.06658155772531654 0.10969378414293098 -0.41399369721027035 0.9011899847210051
456 -2.361916986351138 0.3368207927913921 -59.742449852212815 0.06529715615565646 0.09368869714346828 -0.4437840218187116 0.8888275712442503
460 -2.099809978521079 0.47703918950415236 -60.561652871249564 0.07222783335847298 0.0887682705344327 -0.43899788257601413 0.8911701259178533
464 -2.0586306093083144 0.3552773628031452 -62.096099686890255 0.07433705684748959 0.0875351622295068 -0.44102001397958135 0.8901196237709608
468 -1.8433758516813163 -0.16436704232973404 -63.3986384913919 0.0697435142644044 0.08245420933729661 -0.4440716201465248 0.8894591287749273
472 -1.9107750023871413 -0.2688854427634039 -63.38873038877316 0.06931473782660023 0.08232986597815958 -0.44247390160356787 0.8903000093719892
476 -1.5432793764189885 -0.6666499758353277 -63.301313926760926 0.06938844574917544 0.0676089236424285 -0.423420680666111 0.9007381440933172
480 -1.5042644811764398 -1.2401046708050976 -62.74044523699969 0.0658896696766643 0.05743882263933148 -0.40673057809297286 0.9093566791572291
484 -1.26889682471491 -1.2949523941849275 -62.780532092339776 0.06729912013866471 0.05983761729799682 -0.4086413467655104 0.9082414534133144
488 -1.1188266803813869 -1.3556646478635561 -62.66658338624477 0.06761042351364968 0.052689439425206555 -0.4008129967367035 0.9121412145344083
492 -1.5965022216255216 -1.480926573020192 -62.02101488561814 0.06570350220750618 0.05583343672104257 -0.4020292147156688 0.9115581098628261
496 -1.8522686868309826 -1.0400418134969927 -60.96004592381112 0.07156940745817587 0.06017590862936197 -0.3955618860085016 0.9136670478210941
500 -2.655706578485214 -0.6446075929352377 -59.68350960302258 0.07726882495650612 0.07650493844275122 -0.3894641568072402 0.91460056508081
504 -2.9323338473823854 -0.8098545408727512 -58.850316491448226 0.0765031349158222 0.08223987623730618 -0.3853899690417084 0.9158921578802579
508 -2.883278147767655 -0.7374120895275648 -58.891898726349325 0.07747960498692086 0.08429860820221217 -0.3883485516023343 0.9143719472592156
512 -2.772505792832007 -0.7025090250785455 -58.92821323897304 0.07864192362943917 0.08637859427379017 -0.39044626634463797 0.9131844826740528
516 -2.769888672232321 -0.712803438541912 -58.8749006186879 0.07786960503408998 0.08687730317379373 -0.3928400708692616 0.9121761548760837
520 -2.7687907376351495 -0.6196379596758751 -59.237859185917266 0.07738695205688814 0.09169321667572547 -0.399017228574888 0.909059329729044
524 -2.8276214110893005 -0.754196850190758 -58.88194072732434 0.07585146774634965 0.09490557182062835 -0.4014541560962211 0.9077852432327786
528 -2.8385622779633346 -0.7153691257803828 -58.803150816945504 0.07659312087387651 0.09487743573029524 -0.40293489899087803 0.9070695856433807
532 -2.963525696166824 -1.5791036645751475 -54.577703154733264 0.07502345139014802 0.10824082787631614 -0.3974765540487011 0.9081122143786692
536 -3.5893620113202385 -1.7950307345025003 -50.81122098507738 0.07528993820453571 0.13186725116361875 -0.38875610510520764 0.9087415166146736
540 -4.7068127006518905 -0.9638768445471867 -50.20002564019362 0.07758160300330891 0.16497495269337042 -0.393679232963599 0.9009889130241557
544 -4.313467317190611 -1.3285187159866618 -48.58593756114892 0.07854708139398858 0.16044276216288353 -0.3904372187478221 0.9031319141136005
548 -4.169999725010531 -1.0579290893046784 -48.71134961565056 0.08762148851129924 0.13348099311458275 -0.353210190419785 0.9218176938049237
552 -3.517751669852741 -2.7583548972635863 -49.317753661677784 0.07303356668324923 0.09542440860929993 -0.3430478459261104 0.9315999440664132
556 -3.113274468046799 -2.677251648919101 -47.42142237118334 0.0809037853370686 0.09184006197845442 -0.32607458257990074 0.9373875117203507
560 -2.514262504842008 -2.9053440237766894 -42.703054354101205 0.08536997370521103 0.09423713900788906 -0.2992684711531399 0.9456583481336385
564 -2.4455319229937102 -2.8572027778107305 -42.012674056428196 0.08530114515810665 0.08808145324607175 -0.2892562538087343 0.9493662053503447
568 -2.802664259149733 -2.589572480563366 -41.493706857550606 0.08701948780116518 0.06988045741899719 -0.2619503604713918 0.9586064568229459
572 -1.4571353204140345 -2.5013393258520136 -39.88215789192151 0.08583719873395637 0.025439725377534417 -0.2378948645398872 0.9671560520990249
576 -1.5260101826301486 -3.3510309396377735 -39.976387310824535 0.07349597972818886 0.03657129905832758 -0.25796389698409644 0.9626606405695407
580 -1.3307392553823454 -2.24553167928337 -40.49986784225095 0.112493140833751 0.03071999152360309 -0.2650378470618023 0.9571606526654719
584 -1.6144965300581733 -2.5207100489367966 -40.90546951676692 0.10993607876917844 0.032858005849013903 -0.2630256848305758 0.9579414904658268
588 -1.292165554564853 -2.5601360475944577 -41.080332567898566 0.06911124791228335 0.032637054775967365 -0.2573844285842139 0.9632817417505302
592 -1.1355918354667554 -2.828795104619704 -41.82084707989734 0.04307873438934258 0.02399903535120941 -0.26094452014486746 0.9640934738665068
596 -0.7158694705897128 -1.442405623880785 -43.545597132874626 0.10810006443850556 0.01178863384614879 -0.2675298000038143 0.9573939681710719
600 -1.1314807795804271 -1.0032471542225712 -46.693831116503446 0.12477285863003042 0.010442183057035946 -0.2759090606321511 0.9529936436426938
604 -0.9818486443258451 -1.157410608914928 -48.12789249285069 0.12322070557644238 0.01426011860377499 -0.3071591311851825 0.9435393870232518
608 -0.900897980615864 -1.151341127928806 -48.80181182590025 0.1223549886031134 0.014291243490627686 -0.31724179441730416 0.9403098749871301
612 -1.03410855184421 -1.5167750058730056 -48.97073938509346 0.12650965707843942 0.016310982493261402 -0.33400428126574966 0.9339006363699246
616 -1.1667059517325018 -2.0563016271568277 -48.124976998961046 0.14887492795677582 0.011092629484319423 -0.33792230533445883 0.9292586964642479
620 -1.2581842832626298 -2.110402398294385 -47.801958643187085 0.16235971114641728 0.016496117323371876 -0.3485792155527045 0.9229624763739677
624 -1.305337925465167 -2.1725465017857224 -47.76731911362115 0.16656314049627582 0.02895404045749524 -0.3673184891851146 0.9146012854090948
628 -1.4976743775033512 -2.318043613277793 -47.5594202470807 0.17723423574938757 0.035523782348407015 -0.3772614033352324 0.908295062256492
632 -1.6781166893673112 -2.472395000840191 -47.776244686479316 0.1808562873663726 0.040454230323705875 -0.3890187923398359 0.9023961645394024
636 -1.7900593992303098 -2.9455863839554564 -47.87358511870798 0.17548569430158845 0.04768658667316597 -0.4066501685687889 0.8953024075416796
640 -1.7077902869270705 -3.0579489536096904 -48.1483716200686 0.1746354376441343 0.04994540883752823 -0.41626666838774856 0.8909152489683058
644 -1.7592931989278282 -3.379423239322969 -48.222669655296315 0.17058112691764027 0.055026250204405026 -0.42455504281401896 0.8874836373416337
648 -1.630268007014841 -3.436734437903991 -48.31696308051309 0.17184839999448806 0.053983747152346426 -0.41964199942078695 0.8896372714679001
652 -1.5868251134614524 -2.8788614277089084 -48.81106752116143 0.12620424268315167 0.07179302838507506 -0.40342692782506895 0.9034184878060104
656 -2.596338981957223 -2.6248376939181437 -47.70249184976853 0.12319832321810541 0.09524951580248008 -0.3896388278500715 0.9077066082866547
660 -2.670211225339741 -3.3783350397332734 -44.391818404435945 0.1210091099291204 0.11933035786765124 -0.3820168327876271 0.9083942979082654
664 -2.3355463475939353 -3.993657848356292 -42.48429780748694 0.11923421702312366 0.1209237766868697 -0.37379752274859857 0.9118311541670847
668 -2.3111981109416915 -4.016677062353787 -42.38599948844361 0.12297403835794642 0.10991358156254331 -0.3491298384740729 0.9224449828391393
672 -2.551083842935717 -3.570764175463608 -43.551111973170194 0.12800425335661794 0.098169927154653 -0.3272270039470948 0.9310746825109535
676 -2.1566512102216877 -3.0199210311812124 -43.77235881978708 0.1390153635940248 0.06552798707321847 -0.2793709886886873 0.9478041265335674
680 -1.8058674066652458 -2.607312642297494 -42.90737523812988 0.14409153935496816 0.026424923630979997 -0.23017566606563739 0.9620595171031014
684 -1.7799236879538944 -1.7297939050225701 -41.43698794150575 0.15565555156940394 0.0006837658359872641 -0.18565445537558836 0.9702078668662194
688 -2.712133766885977 -1.5531323564672606 -40.20960407472264 0.16235752747259546 0.02097074425301258 -0.19024099508207268 0.9679920583086635
692 -1.8401962848138247 -0.9889126711674985 -40.41419570075502 0.17011563756833256 -0.0006327294813390067 -0.17123061788310107 0.9704330708541906
696 0.8710296904780553 -0.6696571239601496 -40.37552691559456 0.1732667448451116 -0.044821178923071955 -0.1752084206946476 0.968127939049593
700 1.0893411429092614 -0.6818798054178636 -41.04294708416138 0.16631132286304787 -0.05359564684346463 -0.17176677492770875 0.9695175220479036
704 1.0979756649749264 -0.659405325269826 -41.0491183301137 0.16606162050384504 -0.057318687021475384 -0.16034691404158632 0.9713016902441338
708 2.1315286111695917 -0.43836337416559706 -42.57488073233967 0.1608820986136883 -0.07417922515565809 -0.14890276917451725 0.9728526909214582
712 3.1700439100510023 -0.3706346120825583 -45.3017792697152 0.14977024615486173 -0.08725952929882122 -0.1499039361586702 0.973387619521328
716 3.824637185113954 0.027879888279344643 -46.428570741090454 0.1470630452365 -0.10315734223607922 -0.1328897417529288 0.9747160304444548
720 4.28845425224131 0.03484602495700704 -47.376092098040004 0.13744054869449593 -0.10767680759366409 -0.1360053197107589 0.9752016989789175
724 4.38995077142731 0.11710242989841074 -47.82106875314965 0.12627066573754486 -0.1080477852757014 -0.13854299726798597 0.9763130814340326
728 5.228695793283068 0.561381304802859 -49.796079047180825 0.09655475404952449 -0.12080698175687342 -0.14103229044675913 0.9778510856365458
732 7.0247320961577495 2.472235360065742 -51.91603834369705 0.07418750879375863 -0.14626082328208653 -0.11816175697902839 0.9793578428232713
736 7.0777294408249505 2.1548730183525753 -51.84561410788549 0.0852847735531302 -0.14115488654480005 -0.12314873240948677 0.978588879515015
740 6.090688175690698 1.3738731423891717 -50.51858511870925 0.10930503535320424 -0.13065228876547288 -0.12673023207370498 0.9772010217786937
744 6.244467036936915 0.812293523156266 -50.78319237118375 0.12972861027120633 -0.1269768386647038 -0.1183937764196479 0.9762326996289941
748 6.2915219049906215 0.6871084428546385 -51.2856558561132 0.13796915318395717 -0.12637629310496737 -0.11757806643872375 0.9752789055461418
752 6.488292833208429 0.6671702822943293 -52.769569181040076 0.14841334332980174 -0.12739670400908212 -0.1153204842172768 0.9738812788267293
756 7.223369928538006 0.5471509527519525 -54.68796433804985 0.14991816850135065 -0.13057979784251922 -0.1191897838974683 0.9727626918026218
760 7.4373812816882605 0.5928433588082578 -55.46135899137293 0.15674409330060185 -0.13049880368838174 -0.11608963280589812 0.9720722959771383
764 7.490817855545021 0.5834030532211765 -55.67934325792593 0.16045898372097742 -0.1302553001377989 -0.11476473672492588 0.9716560742020303
768 7.535870834986491 0.5478899608019063 -55.65900098634889 0.16514684291498946 -0.13108121274443446 -0.11552810684954724 0.970668580138669
772 7.6382858726869065 0.8630472835797779 -56.3052277238139 0.16367440257438728 -0.13606097922308286 -0.09436443474528339 0.9725191274879772
776 7.482910256421674 1.1909412046810741 -55.77111551709942 0.15824062148648618 -0.1491676969531342 -0.05273605019755009 0.9746424025799565
780 7.422560044313684 1.7568477011157768 -55.06178919141462 0.14622152361600776 -0.1694882795187722 0.019503831041255797 0.9744293661994665
784 7.2436615151273465 1.748711188931762 -53.7872546270716 0.1407345950583635 -0.1791216875720644 0.09248439590395369 0.9693068819055062
788 7.037813361999287 0.868343777140212 -52.48667431668195 0.13484746047580717 -0.1810263041916183 0.14716610293959947 0.9630097495557979
792 7.234228980249156 0.0755459642058334 -52.16565153547314 0.12609469012175972 -0.18514284277159737 0.19646069918078568 0.9545812959465243
796 7.026318730491734 -0.22877998696778257 -51.748372750185816 0.12499498571939933 -0.18565262468231505 0.2648130232426082 0.9379677069146275
800 6.66470141778515 -0.7309839647059352 -51.918286854687885 0.12707120808245082 -0.18038132407208374 0.3495216852025976 0.9105767829104829
804 6.5229814991196555 -0.8400455714415477 -51.8728177949652 0.13226897541696575 -0.17616530079379997 0.39075225567104516 0.8937468207643405
808 6.134439196632084 -0.9554261430631574 -51.674520007187304 0.13675629754214044 -0.16942709799270897 0.3985250831495812 0.8909376699011857
812 6.414795685426339 -0.9576944371142853 -52.029837540092686 0.14019974236910018 -0.170088855513784 0.4045158261153809 0.887570143646033
816 7.602905481324324 -0.8509477704315646 -54.41354426398852 0.13871720765045556 -0.1703119193944134 0.4031213836905219 0.8883943586185644
820 7.817935808639611 -0.8115289848810654 -55.77798204125231 0.1387328689720439 -0.1644829579326764 0.39966591056644535 0.8910475338317239
824 8.102142346438852 -0.20668049411996006 -56.87323665924545 0.15015837347478087 -0.16141048967609806 0.39474902790114624 0.8919486093206438
828 9.31347725792215 0.23092772564580377 -58.482785403998356 0.1467120943988293 -0.17120612068401334 0.3919871708865646 0.8919137197385111
832 9.624655592100286 -0.02821008925355387 -60.26925338330272 0.15785289124127508 -0.16194385512989776 0.36810463076696587 0.9018623139483947
836 10.556043501974065 -0.1838371451898468 -61.197136291995776 0.1719081206591567 -0.15666706037705597 0.28779124967512076 0.9290205739673805
840 10.39705827491454 -0.35457081814251135 -61.08164889792873 0.1727075604362865 -0.15360534023841182 0.2749218335060889 0.9332713879038822
844 10.973348546815954 -0.6136361716999289 -61.51197200991636 0.17995798622169637 -0.14200961938194157 0.2046979061820571 0.9516024161395921
848 10.645933448180829 -0.09479056312647106 -61.755591965609845 0.17894654719677158 -0.1394493572977425 0.16626539878231658 0.9596290049614785
852 10.223130116486093 0.8342925829018121 -62.22989016409663 0.1794767710931304 -0.1379252320637585 0.1390958652503005 0.9640627880321969
856 10.191837082828876 0.7819997750506249 -62.27021237709815 0.18178999856270275 -0.13074055898243145 0.11096535999718435 0.9682695861898324
860 9.995167159745725 1.1097605325460993 -62.79286736334062 0.18003471964965276 -0.12608116541146064 0.08520217742001619 0.9718187219909106
864 9.777384763153306 0.897250893267625 -63.370146129467244 0.1730949524226042 -0.12209129363522823 0.061317782517286104 0.9753829929886288
868 9.831689957511202 0.8421441104104986 -63.531884296441795 0.16911964372077848 -0.12383223620117172 0.05910530933766731 0.9759972775542322
872 9.880903427063382 1.188986532720428 -63.592031855214664 0.17178357933479368 -0.12484939826015222 0.058034837888307766 0.9754665484865601
876 9.807173355566116 2.2592800388085816 -64.6342576086117 0.17051633430411 -0.1301410834890284 0.05564872045398942 0.9751362458834275
880 9.920124453541282 3.076954392388398 -65.43187156703691 0.17033027628375177 -0.1339026799011068 0.057740176478720616 0.974537706462202
884 10.014021066470207 4.0941563059791735 -67.54351751860017 0.1677406388191312 -0.13695779674645592 0.05920667410285248 0.9744743248236891
888 10.814143744474476 5.047272214312675 -70.4512387005866 0.1602520465602084 -0.14288016875466097 0.05671222232030776 0.9750324419163684
892 11.105048146028988 5.512890023158762 -71.36781274318331 0.15820155521886148 -0.14626057447195442 0.05948188438312458 0.97470098887387
896 10.885383744641505 4.714820813838634 -72.26596156171723 0.16643095264547467 -0.13963201959774557 0.06273825493410085 0.9740983258749593
900 10.645604244993477 4.12880099643956 -72.44329941501572 0.17560963704918678 -0.13233224135614954 0.0626797963698698 0.9735094639499621
904 10.8489002845813 3.2954460304163202 -72.22046418289828 0.1678460557781756 -0.1420269029911057 0.11101164454886749 0.969191660695149
908 11.072193182318385 3.456690351712505 -71.86440527579967 0.1499866837682094 -0.15963743493616325 0.2037904349569321 0.9541956522009948
912 11.283942736350614 2.919689235908659 -72.15966920161189 0.12795857794295692 -0.17236816400101243 0.3286902471966313 0.9197165540358365
916 11.272400357028719 1.240222823230158 -72.45832822085418 0.11239445891240801 -0.1707498457292306 0.45345363345487677 0.8675204770469693
920 11.303993224537265 1.4636372892987841 -72.34694680063376 0.10791959047453219 -0.17350067657759716 0.4992639140277513 0.8420133142466426
924 11.296784374616902 0.7764212947979905 -72.33037317437177 0.10247778447097619 -0.16975491750396812 0.547013888804215 0.813300299476418
928 10.78190983936515 -0.8644712073161392 -72.41930333492428 0.10344944474824787 -0.16195668731499901 0.5914026425459012 0.7831418506279408
932 10.48666016608574 -0.9203505504800028 -72.99767513099579 0.10879166204186101 -0.15698725856581675 0.6207363403629709 0.7603984288982618
936 9.943025373608625 -0.25009851101087405 -73.5388561910555 0.09406470703487821 -0.15566889676491663 0.6812480784020107 0.7090980758287276
940 9.60261519246336 0.5401750724512303 -74.11798488247884 0.0758367845221327 -0.15728491490397045 0.7312036341184778 0.6594326979373449
944 9.152578367512145 0.5475260463970417 -73.20287171676337 0.0607626196478761 -0.15592190937523784 0.7711740741825591 0.614236769934022
948 8.94266604261483 0.21097622654572276 -72.52942500953249 0.05420881937537595 -0.15364483825384792 0.7978213967291438 0.5804616150108763
952 9.061957642598696 -0.2718592148521259 -73.6548175637358 0.05127719006396739 -0.15262989841569977 0.8158522857422301 0.5553915841439582
956 9.475850922866249 -0.76588558710979 -75.24985967785916 0.04754955868955782 -0.15253545999615145 0.8273130029870773 0.5385398481084709
960 9.74458767472417 -0.4729595650807486 -76.30523131976531 0.04281702624450784 -0.15386259807838992 0.8380011727634542 0.5217729751752388
964 9.671482883970983 -0.4595335324391459 -76.55023311883194 0.033415590673949176 -0.14271808257603308 0.8642320766972766 0.4812669371702615
968 10.650601497503246 -0.6926950989065389 -76.05471583380101 0.005603542956855407 -0.126890604630096 0.9004208866599612 0.4160644200474593
972 10.324508994172849 -0.6392216885893239 -76.47733969425136 0.005280660092569784 -0.11783259970702456 0.9070090763354004 0.4042550290602143
976 10.54840265907033 -1.458698378257774 -77.64656458999632 -0.0016062681196259993 -0.10924192544436544 0.9137687956080927 0.39126744025138527
980 12.133375853768783 -2.580550400819442 -84.71497457579636 -0.021574352981038252 -0.09424065252010382 0.9158918255916626 0.38960930497153956
984 13.723903555128679 -2.140526242715542 -91.02641511020566 -0.03138817479410208 -0.09912276321352682 0.9138223855818268 0.3925787919711775
988 14.780049479536322 -1.626082790904892 -95.66857131569468 -0.038752414787662226 -0.10351347805264814 0.9147936971562651 0.38850444251351895
992 15.505422878390437 -1.6172857980464146 -99.32061948897126 -0.04759721400482449 -0.11394607147371913 0.9101007626622057 0.3955596033676298
996 15.822134930713606 -3.0458697418954017 -101.49919700297205 -0.03712736226666459 -0.14514982497085294 0.8756101347948569 0.45919492497912373
1000 15.576873392408737 -3.7225803065619023 -102.44405449502081 -0.02689797011188819 -0.15247204281066096 0.8671122612753108 0.4734396494919086
1004 15.484059787110136 -4.165106238536162 -102.90861643938597 -0.031584190333707185 -0.14662274580797927 0.8697624734248628 0.47012492930555977
1008 15.372942791448224 -2.836294574829701 -104.44333518576514 -0.05028185032194355 -0.1331622566852818 0.8831652040166865 0.446943812281644
1012 16.618509958963937 -1.5644051610548142 -114.28746245156229 -0.06790083160046807 -0.12922619815005465 0.8851150998408882 0.4418838385970935
1016 18.3987629679398 -1.2944472230732857 -120.19397530527648 -0.07922166868959454 -0.13670352502387514 0.8780002100192019 0.4518315002988618
1020 17.068382390812115 -5.056763561586387 -119.2375818131527 -0.06058700578577737 -0.1785590695072369 0.8578221638951722 0.4781077373948556
1024 17.184285289172497 -4.372533076301517 -124.84037205684686 -0.05492610597947232 -0.18337141645481267 0.8468816812305366 0.49613452258981844
1028 17.822884618047876 -2.806632189753201 -129.45328324184953 -0.06801187813969269 -0.18258898761411782 0.8524483416131377 0.4851468549985402
1032 17.71752337327258 -4.473167177323117 -129.69562692967702 -0.07777676156340663 -0.18970111096709907 0.860117055817866 0.46707913050120653
1036 23.531916027347737 -4.18375612172869 -123.22951128648778 -0.08855292094586832 -0.15301413613829518 0.8498798895856762 0.4964365292881307
1040 19.5542035597745 -3.698200961096107 -123.98003839327384 -0.053586277042141944 -0.10513933935868307 0.8391122134087426 0.5310036944695048
1044 19.64540872242323 -3.3671200681171243 -124.21043456432275 -0.05037139837101886 -0.09810659501638186 0.8426436962836202 0.5270573207478649
1048 22.375396624104646 -2.108431881596663 -128.7222692017547 -0.059863934300184586 -0.08738753552816295 0.85052634798529 0.5151549857928412
1052 22.7997946417861 -2.1270116682459883 -130.35286167964136 -0.06104059577872441 -0.08568676626010875 0.8500296717989975 0.5161214787394074
1056 21.988680456818116 -2.7215351223657422 -127.8533352613217 -0.04914357364267829 -0.100600177628011 0.8406232548397454 0.5299217459714893
1060 23.352827065514255 -2.967932707542924 -129.4339946740327 -0.03606011621599268 -0.11079972141450357 0.8318488628703101 0.5426329874734206
1064 25.177251983124464 -3.169999951705148 -131.5973120639201 -0.02445434173163488 -0.12043502737376091 0.8128050692942178 0.5694254197711723
1068 25.667610904362487 -2.9275568929024787 -131.80061008379897 -0.015664736917755117 -0.13085260993078332 0.7967034635293034 0.5898269252009539
1072 24.489367093915597 -2.924079894423581 -131.9565309107097 -0.0072726771060695064 -0.13616539360511262 0.7909811433119116 0.5964519466621404
1076 20.399665782393512 -2.955133693572079 -140.13956532793958 -0.037982256055980886 -0.1922523037634787 0.7869913081271898 0.5850137441588767
1080 22.698662854984217 -2.2985134592556973 -139.69168481499912 -0.05643232911105249 -0.21872910433694176 0.7896379403889157 0.5704777771705156
1084 28.234663936928925 -3.746248898808019 -136.18315567684007 -0.08068149259021555 -0.21576227838783257 0.7781231748677809 0.5843470379081177
1088 30.913291110275395 -5.40068871258738 -132.51313593446184 -0.07607651967232659 -0.18686384985044563 0.7751863911929181 0.5986487481678354
1092 30.22354331307409 -3.678254434536119 -134.8198588001653 -0.03525416349075351 -0.1293021921723521 0.7906053451912672 0.5974791002294463
1096 30.9609100217048 -2.884438104634854 -137.03652711800592 -0.02639405419586398 -0.12124790305277353 0.7946851980651175 0.5942034465438719
1100 31.070084362245492 -1.0732302740050381 -140.63302042832115 -0.016823079902555382 -0.11962704257455399 0.7948144857141202 0.5947068924827229
1104 32.384848668643286 -1.5394485120075585 -141.19129491389637 -0.02021125221734661 -0.1182777371777966 0.7959873849076545 0.5933009061511538
1108 33.46594191762364 -2.7560585562653053 -141.20655169608617 -0.05346165476822516 -0.1594459369194377 0.7801758890973772 0.6025316811093361
1112 33.69287089064609 -2.1420541776537485 -142.59909108763475 -0.05855660747441352 -0.16677651222038697 0.7798936937290808 0.6004352964094479
1116 35.646548499716594 -3.8568192462884525 -139.8416535068954 -0.0731802169471225 -0.16756566848775614 0.786666000863607 0.5896804267372987
1120 35.78950515168271 -3.5475487020885383 -140.20225992059358 -0.07079311238458905 -0.16647341178460295 0.782313067942481 0.5960379200471393
1124 34.78476844275176 -3.0479139425933353 -141.73404900054075 -0.06495862175059743 -0.1629652648369636 0.7850359245658681 0.5940886272753365
1128 33.64186615746485 -1.8051503001282765 -144.28922376915415 -0.05477705819161868 -0.1567404320800629 0.785176528881869 0.5965984657541845
1132 35.01939589011257 -1.5310076062774436 -147.14411853369364 -0.05773639430068538 -0.1600452863186369 0.7866807643842783 0.5934520958326029
1136 35.53500633889428 -7.3198574067783735 -142.78083481515165 -0.11164220429497858 -0.19967795660911764 0.7799470135945528 0.582535310388567
1140 38.2406166780319 -8.450575162984007 -142.08190726058817 -0.1379592487782926 -0.2209459962354706 0.7623579493473265 0.5924191670523361
1144 38.7033135226486 -8.364451089668556 -142.23463891775242 -0.139375878910768 -0.22287564121493114 0.7597311739124549 0.5947346940581888
1148 38.754038960874155 -9.54259570574479 -141.30087211784215 -0.1421031143901661 -0.21798984122669487 0.7599398689246842 0.5956328815816916
1152 38.24408737949971 -10.208507402854572 -141.47989076591145 -0.14215246031731976 -0.21125457875832432 0.7650820437620407 0.5914504605563128
1156 37.44395916945505 -14.012987470303976 -136.4449736517258 -0.15077290637497456 -0.1907410012119443 0.7678102136050914 0.5927502653256362
1160 37.13582627533685 -15.045192934389748 -136.40731024089973 -0.15149893591570465 -0.1805469682504604 0.7699956434396132 0.5929229070933189
1164 36.99166639497471 -15.070348839225339 -139.36294576950894 -0.14736752877656376 -0.17227814050538207 0.7763667300182476 0.5880967218809078
1168 37.566141385030775 -15.637558078727615 -139.7273788270243 -0.15101047169600634 -0.1710056531450336 0.7737631834069031 0.5909682225252094
1172 37.97267397735896 -15.98369571672634 -139.96776010211235 -0.15115128415542928 -0.16911285435536963 0.7710063994062163 0.5950657643190425
1176 37.94141449411057 -16.810574243698998 -139.80497431398624 -0.154384843609948 -0.16816542143062926 0.7720162075189818 0.5931919473716745
1180 39.00499978452584 -16.972019563049464 -139.90628648440162 -0.15621835082848726 -0.16418106495662768 0.7628747523111247 0.6055266443851793
1184 40.465308925587166 -17.097147043092768 -140.07520327088884 -0.15912915593168764 -0.15880038406654065 0.7502832709288447 0.6217196821052889
1188 40.69493363054466 -16.986113127329148 -139.51751608689435 -0.1589317341768518 -0.1586476391632223 0.7416455720506749 0.632086604760061
1192 40.89833103330148 -17.406035961232906 -139.9537049054274 -0.16124066791605748 -0.15337470711781134 0.7412803463054608 0.6332306802483321
1196 41.530059711383174 -17.69471097215138 -140.40115495068528 -0.16551537912927602 -0.14926497842964098 0.7376252500398371 0.6373645863944425
1200 42.005696535963935 -17.998486293415652 -140.3367962662167 -0.16602117784182568 -0.1450522350899881 0.7353488514727715 0.6408267193564009
1204 41.939887895526 -18.415748014684105 -139.81206478866395 -0.16403562418241574 -0.150025897203857 0.7325679800175994 0.6433729080558157
1208 42.6814333444865 -18.714034220656664 -140.57412713478385 -0.15919444851849304 -0.14361651495130773 0.7320014786200079 0.6466879150658807
1212 41.247572127994985 -18.376183322480784 -143.72633077196798 -0.19616552858519387 -0.20147775929255943 0.7078490395020537 0.6479780360331366
1216 39.154488198536484 -19.240484686113682 -141.88468347336268 -0.19643935423096945 -0.19364555056278185 0.7229033717986951 0.6335011411975785
1220 38.084742066030984 -19.686708161342718 -141.03888278943367 -0.19933350219851623 -0.1905787908373101 0.7265882542975912 0.6292975354322007
1224 39.62051959706567 -19.878110932629095 -141.03497625516135 -0.18780972612031863 -0.1692073142705294 0.7256841492918313 0.6399053891307339
1228 40.00577985049209 -20.171888916629953 -141.66819800746637 -0.18500354811436143 -0.16451471399774467 0.7249338879872117 0.6427903656022562
1232 40.68004755705808 -20.480730756583853 -141.75861982089313 -0.18297981454599152 -0.1640495356996587 0.7205042736840267 0.6484440831008437
1236 40.73972887432152 -20.650051844103594 -141.46309701177626 -0.1767649311932222 -0.16723511911249594 0.7130688104439766 0.6575100346060864
1240 40.806968450500975 -20.70681157597326 -141.8004498368817 -0.164128288224494 -0.180242556803083 0.6888219700873172 0.6827143027992104
1244 41.40671336193606 -21.059371358055504 -142.72218270900714 -0.14906277773725224 -0.19009174049347763 0.6562949917660468 0.7147882919244127
1248 41.64418528933924 -21.385725152233444 -142.84667491434038 -0.13842181477735985 -0.19427680856192708 0.6331859127043784 0.7363229745169289
1252 39.831557001095476 -26.43364965981502 -129.31337749844127 -0.15571010234635804 -0.18089518384339617 0.6283280548541075 0.7404290323675892
1256 38.925320515880536 -28.380359332649448 -121.22056261374657 -0.16213215574859216 -0.1775623492859604 0.6049638468208931 0.759080707321713
1260 37.51634371273712 -30.15156308341499 -114.1829437980788 -0.16962231872260553 -0.17361858227033763 0.6036833705239871 0.7593755625738844
1264 37.38652384767329 -30.06285081438025 -114.04932971076342 -0.16125731662571943 -0.175548153901501 0.5990568752379972 0.7644015853767796
1268 37.322747591623035 -30.032896002950196 -114.00184346088227 -0.15440025852444864 -0.1775071746025463 0.5906057723234317 0.7719045179492393
1272 37.308820182835206 -30.022242168880947 -113.98581102393517 -0.14804536055475895 -0.17973910568145413 0.5799679490946448 0.7806494751999735
1276 37.27907505428208 -29.993264537651505 -113.95854890698448 -0.1411575589194876 -0.17935301979930882 0.5702772017710399 0.7891076928968269
1280 37.2485558312691 -29.959501563659973 -113.9313608112534 -0.13452776993647902 -0.1787302688015116 0.5663081612865327 0.7932545849790744
1284 36.91156574058644 -29.747435056769014 -113.5168124962916 -0.13391625057565953 -0.17600448751658185 0.5632987343514314 0.796105140093856
1288 36.792403640481815 -29.664138187268964 -113.41153871436363 -0.13013908859172266 -0.1723932573292179 0.5588292906159201 0.800658607895803
1292 36.75361578233524 -29.634295421587094 -113.40937340015809 -0.12962857327068789 -0.17122194049696055 0.560096246821372 0.8001072892936758
1296 35.92872916744811 -29.182331698160812 -112.15329923954945 -0.13247897059503216 -0.16861154271604933 0.5779835980668208 0.7873718501310077
1300 35.859861246366975 -31.698598609663197 -107.10377040986438 -0.15154425714424738 -0.1692461049630532 0.5522598390012584 0.8021216642802621
1304 35.854923138586585 -31.827711277300544 -106.35227198598788 -0.1480978932214748 -0.17573970025047236 0.5416923426993743 0.8085493043965213
1308 35.49139278078201 -32.21989442551871 -104.6100960784357 -0.1393686478159696 -0.18145489169883078 0.5328874398591914 0.8146664831235114
1312 35.267569479931254 -32.16451272720487 -104.76420182290386 -0.1339072276114942 -0.16689526886395953 0.5273100206932053 0.8222888578235519
1316 35.14226163927854 -32.11248450163761 -104.91439349309948 -0.1295822709078787 -0.1646906551067093 0.5260441663455226 0.8242347713125939
1320 35.03416044075837 -32.17546900090022 -104.86624373018758 -0.12431734790366702 -0.16261932535362644 0.5275526536786818 0.8244927832481682
1324 35.00072532487137 -32.27482954272034 -104.95141093309951 -0.12556787860306648 -0.15754623302580406 0.5303830006083015 0.8234717754654614
1328 35.87914378177979 -32.951591292211205 -105.25291492377575 -0.1846436781322335 -0.17804715455933234 0.5431506710433097 0.7994956356505816
1332 35.93617074809674 -33.023588257676614 -105.19140616152733 -0.1843918008030647 -0.1773111995861033 0.5401183106642365 0.801768428402585
1336 34.82266624442718 -33.037145656924814 -104.63726152531447 -0.1672007945920093 -0.15759677163021676 0.5590546992659519 0.7966586440177438
1340 33.49969563625246 -33.084937822843706 -103.9729241854489 -0.14580753932384585 -0.12928937042609864 0.5753665809035019 0.7943410588346559
1344 32.77989888627368 -33.389541983074054 -102.8704995221546 -0.13722909237738076 -0.11634695692505703 0.584246636332884 0.7913832382311808
1348 32.82370956981804 -33.430382456648175 -103.15989505332618 -0.1383565043435286 -0.11083761056028617 0.588585570048598 0.7887582193053156
1352 33.15586237570606 -33.80428835353741 -103.45262865447076 -0.17214345021029484 -0.11250335349195409 0.604546276689714 0.7695670388883376
1356 33.19216329697559 -33.856499153655484 -102.40163120939114 -0.17362727556029117 -0.11710296313901147 0.5996550104521491 0.772369298745883
1360 33.50139096420538 -33.94802928215274 -102.64656814366693 -0.18417532764518396 -0.11959103396831917 0.5977996761726424 0.7709818288708634
1364 33.754846222581826 -34.013050072404816 -102.6096431606678 -0.19522391042321371 -0.12360842456645539 0.5934330540332274 0.7710031080067478
1368 33.81147441424428 -34.17800667656307 -102.22698235194302 -0.20144780462516035 -0.12673766094032332 0.5897984297208829 0.7716826806465593
1372 33.923392676626875 -34.239695781741496 -102.60993616413984 -0.20302577917322726 -0.12183586411031502 0.5928263656867006 0.7697359647010754
1376 33.88725789872162 -34.27939715690671 -103.07041112100568 -0.2205717292480581 -0.13005310687057844 0.5905521578325984 0.765298928869689
1380 33.64903774137455 -34.9821732073711 -104.3565736490158 -0.22919850422520852 -0.11831681883990729 0.5875647915429182 0.766965965202928
1384 33.824126246363996 -35.2028890063198 -105.03243011299182 -0.2359500267630276 -0.11303410015665329 0.5915033262813864 0.76267600727331
1388 33.898156705497534 -35.22925392553716 -105.26837362071979 -0.23916244272300857 -0.11095695248460098 0.596439988619003 0.7581221673729486
1392 34.00734598179204 -35.197006129439465 -105.25076691671212 -0.24103429685816807 -0.10188010871165686 0.6176747930958006 0.7416203618840636
1396 34.254330768931105 -35.35136080709618 -105.81669792706195 -0.24752482801219844 -0.09123230247904165 0.6361908968059 0.7250305299249189
1400 34.52469162213648 -35.633871174540644 -106.78082209197842 -0.2624360041181368 -0.08202525943906706 0.6621534632889177 0.6971025689315388
1404 34.701336274203534 -35.8060617521981 -107.44152112715992 -0.27124313626894164 -0.07521436413105992 0.6830778691820993 0.6739247621871387
1408 34.92725262326293 -36.03937381923518 -108.08752111369652 -0.2784200367715952 -0.07107707475572493 0.685530020177023 0.6689386548887447
1412 34.753053386078804 -36.000558092669976 -108.16137964613377 -0.27660877368609355 -0.07162182514081578 0.6844786360860734 0.6707062674711803
1416 34.52998193387081 -35.95380496173492 -108.23658382816265 -0.24975340621390396 -0.045096859818566135 0.6979940462032209 0.6696221477698547
1420 34.519966212240384 -35.89189676089888 -107.85242424338563 -0.23776648348396162 -0.03238224752571986 0.6959733479037706 0.6767862205929368
1424 33.89774068094762 -36.023364389109766 -108.2154957721709 -0.2554277420265834 -0.05169968573166775 0.6894960980451297 0.6757802467363105
1428 33.30024287939443 -36.19400532953842 -109.15466870129164 -0.2786647739231694 -0.07378176534677995 0.6969702874332085 0.6566084170279362
1432 33.51352235358166 -36.30674107562638 -109.69022841782188 -0.2840063518183238 -0.06743239955020054 0.6968200598607033 0.6551603374697482
1436 33.46219566131851 -36.38312953268368 -110.03282186869666 -0.2844504620323025 -0.06669768557697892 0.6952308822989651 0.6567293001580534
1440 33.53444431427064 -36.36069644533324 -110.14557942080172 -0.2837190937094248 -0.06512746339673427 0.6937183429690357 0.658799476323794
1444 34.21700984810448 -35.783737343776146 -109.76372138518782 -0.28260829902015483 -0.08424935611030998 0.7098013387397228 0.63970044149057
1448 34.31981756946998 -35.66340292151603 -109.66340923988555 -0.2780084476820447 -0.08599785982853303 0.7137811822287273 0.6370495232071774
1452 34.33077877958454 -35.51189192007375 -109.64636043941356 -0.2769644950809168 -0.08851931497523526 0.7165270872686738 0.6340693436455971
1456 34.34353601098005 -35.50858632172542 -109.65415004120933 -0.2747980785505521 -0.087079062268059 0.7183866791280222 0.63310649356238
1460 34.3076998362186 -35.17992467385981 -109.13733684858572 -0.26541205476850854 -0.08872817757208017 0.7205223499430831 0.6344535403958219
1464 34.18254513030094 -34.97909788800433 -108.80270889996807 -0.25734021373681565 -0.08764793538584073 0.7210053751297955 0.6373735975473351
1468 34.14845314815971 -34.97858982934434 -108.69219975519735 -0.258060223326244 -0.08724468581750659 0.721421475962695 0.6366665846054905
1472 34.16268540049789 -34.93396891664905 -108.61942813671243 -0.26025178439128527 -0.09208233959493532 0.7183742143636868 0.6385360910655175
1476 34.1082340561463 -34.96831149133997 -108.73210388969153 -0.25594858496981077 -0.09106347107937758 0.7158635405898679 0.6432240335536801
1480 34.341590729164565 -35.06764661242084 -109.26653198216306 -0.25922148134895745 -0.08924414525462697 0.7150827709453375 0.643036808310505
1484 34.672782764479834 -34.949512103828354 -110.29857881809399 -0.2674167356090255 -0.07794159862595729 0.715912825086845 0.6402204492173109
1488 35.00274315129055 -34.782748166296315 -111.7445518896665 -0.2770073841145821 -0.07176717113001813 0.7184477143012782 0.6339946877610725
1492 35.04510865507985 -35.402085991556866 -110.41302602156308 -0.2749081222223608 -0.06629577051634582 0.7343745549141354 0.6170286932084157
1496 35.02900141013767 -35.42455023049007 -109.95182634042857 -0.27040776060732086 -0.06756720786605896 0.7421155645190742 0.6095726407271361
1500 35.13008966307921 -35.50386020863384 -110.0486364428906 -0.2718963086477749 -0.06736559917398227 0.7436995708423803 0.6069968877354347
1504 35.12300325868208 -35.663943141834054 -110.27077214992092 -0.2742531322088768 -0.06883873914377459 0.744079366031454 0.6053035143735291
1508 34.68578400683776 -35.52970716534077 -111.26694655932933 -0.28230490063287395 -0.06881334659740367 0.7289644976839812 0.6198220934470389
1512 34.70353503595341 -34.98037849046303 -113.85437134271693 -0.2998351286650416 -0.06641305901352985 0.71245630824434 0.6309470738926756
1516 35.03206186595181 -35.17560173103666 -115.1722915406126 -0.31706038177299234 -0.07257830372054892 0.7005854826381233 0.6351260391888526
1520 34.959826893909245 -34.866585509019316 -114.58246766696729 -0.30683153453730183 -0.06782408820936268 0.7083833516521183 0.6320184566720852
1524 35.332275392650374 -35.28211019536413 -112.21259101400891 -0.2777384605127588 -0.07122122625019364 0.7427427340020425 0.6050802554790501
1528 35.21004054636204 -35.47144314880296 -111.91345065711998 -0.27529729012026377 -0.06999068833948394 0.7465744711422154 0.6016138833478879
1532 34.630708399864346 -35.77376558549324 -111.14048548282409 -0.2795297937729389 -0.07973930077516325 0.7488131618080096 0.5956371269558657
1536 34.44680981557729 -36.16902834617231 -109.92072535541317 -0.27589880097293445 -0.0806129325048367 0.7587422933936084 0.5845438725625947
1540 33.70208905152202 -35.965502231334895 -108.61919399910245 -0.2703295668961449 -0.10012861087011553 0.7630342035661339 0.5785110117665517
1544 32.4648534738085 -35.570325777055366 -107.19003313902378 -0.2715209236811051 -0.12491647673149388 0.7592958681798206 0.5780502109760036
1548 30.45278930351936 -35.0997297911308 -104.95913672255082 -0.2755356436714581 -0.15117816917297225 0.7546507646623326 0.5759578922339897
1552 30.28418159370044 -35.22469258498657 -105.06926175022541 -0.2752315908187798 -0.1420798069402044 0.7525504272824804 0.5811443489118294
1556 30.133421502055594 -35.14252135021823 -105.15822743035059 -0.27474717604476684 -0.14053995208593814 0.7477959693144337 0.5878466631700775
1560 30.024899925772882 -35.286229060498286 -105.14912627242008 -0.2745221247760843 -0.13871130679526908 0.7464908972786901 0.5900407754177919
1564 29.973193144526572 -35.058074105224016 -105.2746736021033 -0.2725026997448033 -0.13867621730842097 0.7436532818192688 0.5945510758751114
1568 29.769646751780993 -34.96167450351736 -105.28396417786645 -0.2669810021957432 -0.13713772580845915 0.7408394993724852 0.6008920242407665
1572 29.44419044659013 -34.79760213564951 -105.26500230059503 -0.25182917532780474 -0.13370130519563606 0.7416066547821516 0.6072277966509173
1576 29.31264191514963 -34.64183255781253 -105.3006119028521 -0.24677102468500292 -0.12907072375574294 0.7412741011172539 0.6107024780184614
1580 29.125226645395873 -34.57488621539921 -105.43414780332917 -0.24259120330391967 -0.12537548606711316 0.7366630738022918 0.6186743984271135
1584 28.799651744188182 -34.4564381910934 -105.49721671974581 -0.2314694814632246 -0.11929408100616774 0.7343043800303932 0.6268874531016072
1588 29.2794647309196 -34.499422504475234 -105.50494629729522 -0.2457024959659071 -0.11481371142140843 0.7395709806539 0.6160218013353048
1592 30.77556193994286 -34.40263797343157 -105.96951774224394 -0.27280775888155395 -0.09799263731446413 0.7506028284336211 0.5937750109878553
1596 32.3418308896973 -34.53824373841639 -106.26267832587405 -0.29556499454056856 -0.09531939267303494 0.759241917421481 0.5719329140841876
1600 32.45876234144903 -34.512954132576056 -106.36157592769543 -0.2972347382119869 -0.09572941566757052 0.7581942849463194 0.5723886928047555
1604 32.35984696372047 -34.42384201659455 -106.83742862348382 -0.2930831025436087 -0.08713455516258041 0.7535690878647822 0.5819308327582172
1608 32.00892573002253 -34.3962814136852 -106.89548354875559 -0.279558815419961 -0.08116722246764072 0.7533823746283437 0.589638659110166
1612 32.07248159124876 -34.49414349019355 -106.88948364511559 -0.28281165142295556 -0.08075301897054399 0.7536050878199646 0.587857033094295
1616 31.99411175363905 -34.48529081291684 -107.2316781771149 -0.27990521941592367 -0.07545220584252037 0.750415503423649 0.5940005092579071
1620 31.82794037059769 -34.3319589155928 -107.2964165128009 -0.2722658599623821 -0.07410621623929417 0.7481831954636612 0.6005010210144727
1624 29.8919316586069 -34.48681541741849 -107.47822857480584 -0.2631385604893366 -0.07918854748133546 0.7431114042016206 0.6101415515082478
1628 27.469332761929106 -34.37959895309127 -107.53407322042787 -0.24953191411977688 -0.09781948602373247 0.7308819722502491 0.627675644444931
1632 26.65384169353549 -34.47821668604441 -107.56965154261789 -0.24721801402607402 -0.11463454624740972 0.7227424212910665 0.6351264179783274
1636 26.383622243541733 -34.546582431439994 -107.7447260788198 -0.24365943398916765 -0.10893029639737507 0.7207750431263393 0.6397246344804005
1640 25.9824513893576 -34.548831331274556 -108.09263158566117 -0.23253320272151265 -0.10188723020398872 0.7170375068626832 0.6491567728257811
1644 25.75756966690672 -34.399112179106105 -108.07784299045615 -0.22401149315520416 -0.09998439091996357 0.7154204058533679 0.6542137383113734
1648 25.760591385161227 -34.316307126042766 -108.24566641641505 -0.22411704964479612 -0.0950542555399454 0.7163715612206919 0.6538715644807375
1652 25.592863013438794 -34.207840942166825 -108.32551108113464 -0.21906266047988085 -0.09191424202922507 0.71456451617041 0.6579976254712606
1656 25.400675627560364 -34.12561727237623 -108.35475629969604 -0.21300694590145158 -0.087477441070702 0.7139268532055565 0.6612746680264334
1660 25.35296213906402 -34.23858372413066 -108.7607434617593 -0.2038443827820325 -0.07201983234809993 0.714170369444655 0.665748672371225
1664 25.396639719965435 -34.47991822567544 -109.68138358487059 -0.19405627466217573 -0.047159844824300516 0.7189486329450768 0.665755942134046
1668 26.238731027185672 -34.48927749153036 -110.55246589646791 -0.20349267448311606 -0.04299050676601459 0.7302413153242998 0.6507612228407176
1672 26.239950587954887 -33.93058646064566 -111.18700349015563 -0.19988411900824526 -0.040722378451909694 0.7293081867761976 0.6530678338141698
1676 26.033881616408713 -33.6507233060784 -111.07522119907097 -0.1872570240175052 -0.036508905661867284 0.7298114341874361 0.6564885203053882
1680 25.663872446163346 -33.50976007354755 -110.9687175649811 -0.17507737561700454 -0.03176374482481845 0.7291526229507513 0.6608142170881355
1684 24.613466984398183 -32.444602145058745 -110.46583457420888 -0.13690616380794668 -0.02124265170177369 0.7211948173154624 0.6787366849798128
1688 24.20515482599034 -31.927034981412174 -109.96274663106892 -0.11509123165148764 -0.018909824333585734 0.7187933897902774 0.6853703303575512
1692 23.849611681684824 -31.507392144008367 -109.69310868587743 -0.09650660996892846 -0.017557387872782024 0.7135603114198049 0.6936929395127652
1696 24.29510179133088 -31.56028425818828 -109.9318202292823 -0.09223682529586669 -0.01665359046128209 0.7014767176922957 0.7065022579721392
1700 24.344399199629013 -31.057022747544416 -110.81751453654698 -0.08953652455732551 -0.02464276386032647 0.6811083962666327 0.726269438634599
1704 24.594311775476232 -31.04659028865183 -111.74668353174246 -0.09524454199138266 -0.03676004008252178 0.6521584966455263 0.7511767248304692
1708 26.120382443920445 -31.82431032451988 -112.10822204961906 -0.11599525785286288 -0.06749641297483364 0.5978258706957391 0.790312319730662
1712 27.87976702142942 -31.832099503295293 -112.39258574219308 -0.11322314318045641 -0.11664178772703852 0.5270270032526024 0.8341569103272836
1716 30.303405747488554 -30.969721388823615 -113.32864653545106 -0.10986101591943745 -0.1670705390116566 0.48967840663618056 0.8486654524898225
1720 30.450020843582003 -31.219368636108225 -114.85775515527101 -0.1358067692929215 -0.17949504288312465 0.4601093527501108 0.8588582156016665
1724 29.836755409272737 -30.946222264944748 -115.81984698747755 -0.14317957629546377 -0.18213289722964462 0.4469004746844236 0.8640643392742371
1728 30.048425503854663 -30.943171348211884 -116.42250733253353 -0.1457716472259264 -0.19396243286898715 0.416176337008643 0.8763141320409322
1732 30.35620335646318 -30.313168181698796 -115.47142247796153 -0.13630902492390096 -0.1972397441928468 0.4093270233255345 0.8803225096579623
1736 30.142710219083934 -29.888509276601585 -115.00664096193778 -0.12310292907490765 -0.198288762887568 0.40776782095366804 0.8827528757021376
1740 30.21083310220489 -29.69826771792497 -114.5144856717889 -0.11664616998447165 -0.20349149792148355 0.4116041669416482 0.8806627567110447
1744 31.268448411271677 -29.550258994277176 -116.91792588801117 -0.08546055291760687 -0.18913256407038984 0.38153460245184145 0.9007534147784799
1748 31.627122591835665 -29.476249844269006 -117.80498468942042 -0.07534026785411262 -0.18950532103438805 0.365973845188389 0.9080059041533536
1752 31.730825324831045 -29.601553277457192 -118.09911751654317 -0.06915951934129069 -0.19599253452578932 0.35208817978192086 0.9125994745519487
1756 33.08148865211072 -30.68787715187863 -118.43924254839196 -0.046834700802762544 -0.18614469997607186 0.34803506988258986 0.9176209738248983
1760 33.87521946538345 -31.52647930081609 -119.4962299140681 -0.03892068523179363 -0.17577651633200034 0.3418795099751767 0.9223373554326023
1764 34.1212158634581 -32.513046232595144 -120.28382159951063 -0.026018232840712523 -0.16880444643815523 0.3278963672287268 0.929145888857481
1768 34.467029210093486 -32.452025275327244 -120.63209573643242 -0.01910038257998857 -0.1703024321875081 0.3018398420672787 0.9378299241958094
1772 35.46438361013719 -32.371409349257036 -122.44145696787886 -0.006788415369611234 -0.15921730514010457 0.2950328906931644 0.9421036888633478
1776 35.47328895295415 -32.50448595670058 -123.0567040791271 -0.0018512774956642433 -0.15380842896307864 0.2912789823111056 0.9441907087105604
1780 35.85834699882383 -32.421675709879125 -123.14558681230939 -0.0023680332199173654 -0.15483630139878357 0.2998671224564582 0.9413287529112759
1784 36.65617904172537 -32.03558214408832 -124.20617484864002 -0.009406855291747965 -0.15262040961129886 0.3107592639333099 0.9381083101237441
1788 37.50047893312856 -32.45018053671402 -125.83823702381706 -0.019372672756445455 -0.15067625423735823 0.31920673711497377 0.9354295403394542
1792 38.93746796837583 -33.15781728214192 -126.2140564268769 -0.032877352426876796 -0.14864881176048825 0.3647609668838987 0.9185706546028548
1796 39.002905885091195 -33.31702906636178 -126.14029267417139 -0.03752633479856098 -0.1467667079625434 0.38134895138552993 0.911934364363785
1800 33.60349130506961 -27.470817766959343 -121.59907211779888 0.006720378642081131 -0.15252757562747613 0.45546620559930917 0.8770636868215895
1804 33.1894707736343 -27.75497442505834 -122.115018039488 -0.015951945172244686 -0.15512658186284528 0.46441670787635275 0.8717788713257865
1808 32.5917443007177 -27.70825185665382 -121.41265151894568 -0.03490818028493083 -0.16276824564099407 0.46901174096183884 0.867361460983881
1812 31.76009526253248 -27.61036100130464 -120.82988208208985 -0.04690362707339648 -0.17056383336586717 0.47423895793476095 0.8624415570297228
1816 30.6220936605455 -26.812377097928977 -121.36707273070128 -0.04866313726834927 -0.1920072155543487 0.4493960950384841 0.8710960211196176
1820 30.25427861166989 -26.449387889836043 -122.027629914143 -0.04605979176983681 -0.2206600633169846 0.4208646515349093 0.8786697770650035
1824 30.618860706804764 -26.480856317086168 -125.33027557149326 -0.04643456019178355 -0.22231023957582133 0.4012022513997906 0.8873887211765067
1828 31.933043594719084 -25.98858505084437 -125.95128620738014 -0.05451396776670812 -0.22427662540922244 0.41336161891169115 0.880829378837972
1832 32.79869993382124 -25.625578674219213 -126.25675502208708 -0.057751435268922444 -0.22066911654137292 0.42331257730229693 0.8767989362601418
1836 33.468459157615676 -25.133823691108162 -126.5639959122813 -0.05799657451866743 -0.21618935974318057 0.4256668376936139 0.8767589756403141
1840 34.033424813123595 -24.763566726658325 -126.89735097313013 -0.06171450413497967 -0.21029788280138298 0.4267444885622707 0.8774139627053786
1844 34.052690817542754 -24.63694378390721 -127.14023102240475 -0.061408622507622725 -0.2075191436337315 0.426086131982542 0.8784164127789251
1848 34.347985315914585 -24.796856656198855 -126.91148470132988 -0.0654158190465626 -0.2067889347346615 0.42697767369343437 0.8778662616008854
1852 35.528088812587626 -24.523993663390854 -127.91328880405793 -0.06930186649584125 -0.2054996414789253 0.4309122612594342 0.8759462151002805
1856 35.77273846991429 -24.033913659536932 -129.0317809635203 -0.06331719418223186 -0.19343472608090173 0.427666904106999 0.8807241104900165
1860 35.873174259268744 -23.71677619947117 -129.87918400743598 -0.054772874040552165 -0.183630630503718 0.41262982956305566 0.8905146532005571
1864 35.5885933115622 -23.619273464675988 -130.1379132788147 -0.0538399437168661 -0.1817156751025898 0.4087043660519698 0.892771759775494
1868 34.33362424557345 -23.61574671629751 -130.4986538949446 -0.04104345993832792 -0.18142277773695684 0.3898896417946753 0.901879857484198
1872 34.032989307042364 -23.494609636835374 -131.33937595699072 -0.02617048055822551 -0.18817623191114438 0.37399266324109065 0.9077633499612721
